1675474864.128,1.3678,50.8832,39.0784
1675474864.413,1.3568,50.8997,39.0619
1675474864.663,1.3458,50.8832,39.0784
1675474864.914,1.3513,50.8722,39.0894
1675474865.148,1.3239,50.8777,39.0839
1675474865.413,1.3678,50.9052,39.0619
1675474865.684,1.3953,50.8612,39.0948
1675474865.947,1.3568,50.8942,39.0619
1675474866.197,1.3348,50.8832,39.0784
1675474866.432,1.3348,50.9656,38.996
1675474866.716,1.3129,50.8612,39.0948
1675474866.966,1.3733,50.8282,39.1333
1675474867.201,1.3074,50.8502,39.1168
1675474867.457,1.4941,50.9106,39.0399
1675474867.723,1.3568,50.8502,39.1113
1675474867.973,2.0599,51.1963,38.7268
1675474868.239,2.7246,50.3668,39.4849
1675474868.504,2.2028,51.5808,38.3752
1675474868.755,359.5001,52.2949,37.6996
1675474869.005,1.1481,50.8832,39.0948
1675474869.255,2.2137,50.191,39.7101
1675474869.505,1.214,51.1743,38.7982
1675474869.771,1.2744,50.7953,39.1718
1675474870.037,0.9943,51.004,38.985
1675474870.399,1.994,51.6412,38.2819
1675474870.649,1.1975,51.1359,38.8806
1675474870.935,1.4722,50.9875,38.9685
1675474871.169,359.0717,51.3611,38.6169
1675474871.439,1.5601,50.5316,39.4025
1675474871.709,2.3016,50.9326,38.9685
1675474871.943,1.6205,50.6689,39.2816
1675474872.196,1.6974,50.8502,39.0948
1675474872.459,1.3458,51.2512,38.7213
1675474872.709,1.4557,50.9491,39.007
1675474872.958,1.626,50.9546,38.985
1675474873.239,1.582,50.8282,39.1223
1675474873.508,1.3019,51.0425,38.9246
1675474873.726,1.4722,51.0205,38.941
1675474873.992,1.4941,50.9711,38.985
1675474874.245,1.5161,50.9766,38.974
1675474874.495,1.4557,51.0754,38.8806
1675474874.761,1.5106,50.9985,38.9575
1675474875.012,1.4227,50.9436,39.0179
1675474875.269,1.4557,50.9106,39.0454
1675474875.519,1.4447,50.9491,39.007
1675474875.772,1.5051,51.0864,38.8696
1675474876.053,1.4667,50.9711,38.9905
1675474876.291,1.5051,50.9766,38.9795
1675474876.541,1.4722,51.048,38.9081
1675474876.812,1.4337,50.8777,39.0784
1675474877.057,1.4062,51.059,38.9026
1675474877.303,1.5326,51.0809,38.8696
1675474877.569,1.4941,50.8997,39.0564
1675474877.834,1.4941,51.1029,38.8751
1675474878.068,1.5326,50.9875,38.9575
1675474878.318,1.5161,50.9656,38.985
1675474878.584,1.5271,51.2567,38.6938
1675474878.834,1.4941,51.0864,38.8696
1675474879.119,1.5875,50.9326,39.007
1675474879.354,1.2689,50.9601,39.007
1675474879.713,2.2028,51.0095,38.8916
1675474880.078,359.4232,50.3339,39.6277
1675474880.363,359.6484,51.9653,38.0347
1675474880.597,1.4062,51.1414,38.8202
1675474880.847,2.1478,50.9985,38.9136
1675474881.113,1.5656,51.1194,38.8422
1675474881.382,359.2474,49.5923,40.3912
1675474881.616,2.9993,50.7019,39.1608
1675474881.87,2.1753,51.3226,38.595
1675474882.152,0.4779,50.9656,39.0234
1675474882.398,3.1366,49.4659,40.3583
1675474882.663,0.791,52.8607,37.0789
1675474882.898,358.9398,51.5094,38.4851
1675474883.152,0.379,48.8013,41.1877
1675474883.436,1.1261,50.7953,39.1772
1675474883.686,0.0604,50.1361,39.8914
1675474883.921,1.3458,50.2679,39.6497
1675474884.28,1.5051,51.1633,38.7762
1675474884.566,1.4062,50.7733,39.1827
1675474884.816,1.3953,51.0645,38.8916
1675474885.066,1.3898,50.9985,38.963
1675474885.3,1.3788,50.9711,38.985
1675474885.566,1.3678,50.9875,38.974
1675474885.835,1.3898,50.9821,38.9795
1675474886.085,1.3788,51.026,38.9301
1675474886.335,1.4062,50.9985,38.9575
1675474886.589,1.3678,50.9106,39.0454
1675474886.87,1.3458,50.9601,39.0015
1675474887.104,1.3623,50.9985,38.963
1675474887.368,1.3513,50.9985,38.9685
1675474887.633,1.3623,51.0315,38.9301
1675474887.868,1.3568,50.9821,38.9795
1675474888.118,1.3678,50.9875,38.9795
1675474888.383,1.3788,50.9546,39.007
1675474888.636,2.3126,51.0205,38.8806
1675474888.918,1.192,50.4492,39.5343
1675474889.168,1.9336,51.8115,38.1171
1675474889.402,2.3291,50.6689,39.2267
1675474889.668,1.8732,51.7511,38.183
1675474889.921,1.225,50.8282,39.1388
1675474890.171,1.0272,50.7458,39.2267
1675474890.437,1.4227,51.1194,38.8422
1675474890.687,1.8787,51.5863,38.3533
1675474890.937,1.9611,51.026,38.8916
1675474891.202,1.593,50.7898,39.1608
1675474891.472,1.3239,51.0205,38.9465
1675474891.707,1.3458,51.0699,38.8916
1675474891.972,1.3568,50.9436,39.0234
1675474892.226,1.3293,50.9216,39.0454
1675474892.491,1.3403,50.9656,38.996
1675474892.761,1.3788,50.9985,38.963
1675474892.995,1.3568,50.9491,39.007
1675474893.245,1.3513,50.9601,38.996
1675474893.526,1.3788,50.9711,38.9905
1675474893.761,1.3458,50.9106,39.0509
1675474894.014,1.3678,51.0754,38.8916
1675474894.295,1.4008,51.026,38.9355
1675474894.529,1.3953,51.0095,38.952
1675474894.779,1.4062,51.0535,38.9081
1675474895.061,1.4062,51.026,38.9301
1675474895.331,1.3898,51.0205,38.941
1675474895.548,1.3623,51.037,38.9246
1675474895.814,1.4557,51.059,38.8971
1675474896.079,1.4282,50.9436,39.0179
1675474896.345,1.3788,50.9436,39.0234
1675474896.579,1.3403,50.9656,38.996
1675474896.833,1.3513,50.9766,38.985
1675474897.099,1.3678,51.026,38.941
1675474897.368,1.4008,51.059,38.9026
1675474897.621,1.4392,51.0645,38.8971
1675474897.876,1.3733,50.9546,39.007
1675474898.13,1.4282,50.993,38.963
1675474898.395,1.4008,50.9766,38.985
1675474898.63,1.3898,51.026,38.9355
1675474898.88,1.4282,50.9491,39.007
1675474899.145,1.4612,51.0699,38.8806
1675474899.407,1.3568,50.9821,38.9795
1675474899.65,1.4227,50.9875,38.9685
1675474899.931,1.3733,50.9546,39.007
1675474900.165,1.3788,51.004,38.9575
1675474900.431,1.3898,50.9546,39.007
1675474900.697,1.4337,51.059,38.9026
1675474900.934,1.3788,50.9821,38.9795
1675474901.184,1.3513,50.9601,39.007
1675474901.45,1.3293,51.0205,38.941
1675474901.7,1.4062,51.1359,38.8257
1675474901.981,1.4557,50.9766,38.9795
1675474902.235,1.4612,50.9052,39.0564
1675474902.47,1.4612,51.015,38.941
1675474902.754,1.4447,51.0535,38.9081
1675474903.004,1.4447,50.9711,38.985
1675474903.239,1.3953,51.0754,38.8806
1675474903.524,1.4667,51.0535,38.8971
1675474903.775,1.4172,50.8612,39.1003
1675474904.009,1.3953,50.9546,39.007
1675474904.259,1.3843,51.0754,38.8806
1675474904.54,1.4062,50.9601,38.996
1675474904.775,1.3953,50.9601,39.0015
1675474905.028,1.3953,50.9985,38.963
1675474905.294,1.4337,51.1304,38.8257
1675474905.544,1.4172,50.9985,38.9575
1675474905.809,1.4282,50.9875,38.9685
1675474906.059,1.4282,51.0315,38.9246
1675474906.313,1.4227,51.026,38.9301
1675474906.575,1.4447,51.0095,38.9465
1675474906.849,1.3953,50.993,38.9685
1675474907.083,1.3733,50.9601,38.996
1675474907.349,1.3953,51.015,38.9465
1675474907.611,1.3953,51.015,38.9465
1675474907.868,1.4227,51.0315,38.9301
1675474908.134,1.4008,50.9985,38.9575
1675474908.368,1.3953,50.9601,38.996
1675474908.743,1.2744,50.9985,38.9575
1675474909.09,1.4117,51.0205,38.9355
1675474909.34,1.4227,51.026,38.9301
1675474909.605,1.4447,51.0754,38.8806
1675474909.871,1.4282,50.9985,38.9575
1675474910.137,1.4172,50.9491,39.007
1675474910.374,1.3898,50.9491,39.0125
1675474910.64,1.3953,51.0205,38.941
1675474910.906,1.4062,50.9711,38.9905
1675474911.154,1.4392,51.0205,38.941
1675474911.393,1.4667,51.0699,38.8861
1675474911.678,1.3953,50.9711,38.985
1675474911.912,1.3568,50.9326,39.0289
1675474912.162,1.3568,51.048,38.9136
1675474912.444,1.3403,50.9601,38.996
1675474912.678,1.4172,50.993,38.9685
1675474912.931,1.4172,51.0095,38.9465
1675474913.184,1.3953,50.9821,38.9795
1675474913.465,1.4282,50.993,38.9685
1675474913.699,1.4447,50.9601,39.007
1675474913.95,1.3953,50.9875,38.974
1675474914.215,1.3788,50.9875,38.9685
1675474914.495,1.3788,50.9875,38.9685
1675474914.729,1.4008,51.004,38.9575
1675474914.979,1.3953,50.9711,38.9905
1675474915.26,1.3568,51.0095,38.952
1675474915.495,1.4062,51.037,38.9191
1675474915.745,1.4227,51.0205,38.9355
1675474916.029,1.4172,50.9766,38.9795
1675474916.263,1.4172,50.9875,38.9685
1675474916.654,347.0087,49.7406,37.2986
1675474916.904,351.5241,49.7406,38.9795
1675474917.259,354.5398,49.8724,39.6112
1675474917.525,358.9288,51.2787,38.6993
1675474917.772,358.8684,51.1633,38.8092
1675474918.013,358.9563,51.2128,38.7653
1675474918.294,358.5993,51.1469,38.8147
1675474918.532,359.61,51.1359,38.8586
1675474918.782,359.6375,51.2402,38.7488
1675474919.063,359.643,51.1139,38.8806
1675474919.298,359.5606,51.1523,38.8422
1675474919.579,359.5825,51.2238,38.7653
1675474919.813,359.5496,51.1908,38.7982
1675474920.066,359.6265,51.2402,38.7543
1675474920.316,359.599,51.1798,38.8092
1675474920.707,2.6257,50.9436,38.573
1675474921.051,0.2087,50.4053,39.5892
1675474921.305,359.5331,50.614,39.386
1675474921.586,359.5441,49.9164,40.0781
1675474921.93,359.9671,50.5536,39.4244
1675474922.196,1.637,50.9216,39.0234
1675474922.448,0.824,51.5204,38.4686
1675474922.718,1.1316,51.1633,38.7982
1675474922.956,1.1975,51.059,38.9136
1675474923.206,1.1975,51.1798,38.7872
1675474923.487,1.192,51.1908,38.7817
1675474923.722,1.1646,51.037,38.9301
1675474923.976,1.1261,51.1029,38.8696
1675474924.226,1.1206,51.1853,38.7817
1675474924.511,1.1646,51.1139,38.8531
1675474924.745,1.1975,51.1084,38.8586
1675474924.995,1.1865,51.1249,38.8477
1675474925.261,1.2524,51.0864,38.8696
1675474925.514,1.236,51.1743,38.7982
1675474925.765,1.2195,51.3556,38.6114
1675474926.03,1.5436,50.3339,39.6387
1675474926.405,358.5114,51.3062,38.6389
1675474926.674,2.428,50.0537,39.8309
1675474927.02,359.8462,50.7019,39.2871
1675474927.269,1.3074,49.5868,40.3802
1675474927.535,3.0048,51.2897,38.5345
1675474927.801,2.0105,50.636,39.2706
1675474928.057,0.7471,50.1746,39.798
1675474928.292,1.593,51.1359,38.8092
1675474928.546,2.7026,50.592,39.2871
1675474928.827,0.9943,50.5756,39.4025
1675474929.062,2.2522,51.0095,38.9136
1675474929.312,1.6589,50.8063,39.1498
1675474929.566,1.5106,50.5481,39.408
1675474929.852,2.0215,51.048,38.8696
1675474930.102,2.1149,50.5811,39.3311
1675474930.337,1.615,51.2567,38.6884
1675474930.618,1.9611,51.0974,38.8257
1675474930.856,1.8127,51.0974,38.8422
1675474931.121,2.0874,51.1414,38.7762
1675474931.387,1.8677,51.1523,38.7762
1675474931.621,0.3516,51.4325,38.562
1675474931.888,1.5491,51.3776,38.5675
1675474932.157,2.7356,51.5314,38.2599
1675474932.407,359.187,51.3721,38.606
1675474932.642,0.6702,51.7456,38.2434
1675474932.896,0.9943,52.3004,37.6721
1675474933.287,3.7024,49.5154,40.2814
1675474933.525,2.5818,51.6852,38.183
1675474933.775,4.7571,51.3556,38.2434
1675474934.057,2.1094,51.3446,38.573
1675474934.291,0.5164,52.8278,37.1613
1675474934.557,1.4832,51.7236,38.2269
1675474934.807,2.84,50.4767,39.4025
1675474935.079,2.8564,50.7294,39.1168
1675474935.312,2.5598,50.5426,39.3311
1675474935.703,0.4559,49.8889,40.1111
1675474935.953,358.6597,51.5314,38.4247
1675474936.3,2.9553,50.6689,39.1827
1675474936.581,2.016,50.1361,39.809
1675474936.819,2.7466,49.9548,39.9078
1675474937.069,1.1316,50.6415,39.3256
1675474937.35,5.7733,50.2185,39.1882
1675474937.598,2.027,51.5094,38.4412
1675474937.838,0.9448,51.2897,38.6884
1675474938.088,2.3016,49.2462,40.6494
1675474938.367,3.0927,50.0702,39.743
1675474938.608,5.4327,49.2682,40.1935
1675474938.874,5.2515,49.9164,39.6332
1675474939.143,0.0769,50.1801,39.8199
1675474939.377,4.6747,50.3284,39.2926
1675474939.627,2.8235,51.3501,38.4961
1675474939.893,0.6372,47.9059,42.0666
1675474940.143,1.972,51.9434,37.9852
1675474940.396,1.9281,50.6305,39.2981
1675474940.677,1.7029,50.8447,39.0948
1675474940.911,1.6095,50.9985,38.952
1675474941.193,1.6754,50.8722,39.0729
1675474941.427,1.6974,50.7898,39.1553
1675474941.69,1.7413,50.9656,38.974
1675474941.931,1.7139,50.9161,39.0234
1675474942.196,1.6589,50.9271,39.0179
1675474942.445,1.8073,51.037,38.9026
1675474942.726,1.8292,50.8722,39.0619
1675474942.976,1.7688,50.9601,38.9795
1675474943.23,1.7908,50.9546,38.9795
1675474943.499,1.7303,50.9106,39.0234
1675474943.733,1.6479,50.9381,39.007
1675474943.983,1.7029,50.9985,38.9465
1675474944.264,1.5875,50.9601,38.9795
1675474944.502,1.571,50.8173,39.1333
1675474944.752,1.6205,50.8173,39.1333
1675474945.033,1.6919,50.9711,38.9685
1675474945.268,1.4227,50.8392,39.1608
1675474945.627,1.7249,50.8612,39.0839
1675474945.882,1.7029,50.8612,39.0784
1675474946.147,1.7413,50.8557,39.0839
1675474946.413,1.7084,50.8722,39.0619
1675474946.648,1.7249,51.0095,38.941
1675474946.913,1.8567,50.8942,39.0399
1675474947.166,0.1813,49.9988,39.9957
1675474947.446,1.2799,52.0862,37.8918
1675474947.68,2.2028,50.636,39.2706
1675474947.935,1.4392,50.5536,39.408
1675474948.2,2.0544,51.438,38.4741
1675474948.45,2.5543,51.5039,38.3752
1675474948.706,1.8292,51.2732,38.6609
1675474948.956,2.9608,53.3276,36.5186
1675474949.237,3.2629,48.5651,41.2427
1675474949.472,3.5211,50.3119,39.4629
1675474949.753,2.2522,50.7349,39.1718
1675474950.006,2.4005,51.4709,38.4192
1675474950.256,3.0762,50.9106,38.9191
1675474950.49,1.6699,50.7678,39.1772
1675474950.756,1.8567,51.7566,38.1775
1675474951.006,3.1366,50.2789,39.5398
1675474951.276,2.2192,51.3666,38.5455
1675474951.526,1.0986,50.9436,39.0344
1675474951.776,3.2739,50.4163,39.375
1675474952.057,2.829,51.3721,38.4741
1675474952.291,2.9828,49.8944,39.9573
1675474952.541,2.395,51.3336,38.5181
1675474952.796,2.0874,49.7296,40.188
1675474953.061,1.3733,49.3286,40.6384
1675474953.315,2.6312,52.0532,37.8534
1675474953.565,1.225,50.246,39.7211
1675474953.83,2.428,51.1633,38.7213
1675474954.083,2.1204,50.5481,39.375
1675474954.337,2.5049,50.6909,39.2157
1675474954.587,1.8677,50.7843,39.1443
1675474954.853,1.1371,50.9875,38.985
1675474955.118,2.5928,50.6415,39.2322
1675474955.372,2.5818,50.7074,39.1663
1675474955.622,2.4005,50.6744,39.2267
1675474955.872,2.3291,50.7349,39.1663
1675474956.153,2.2632,50.7239,39.1772
1675474956.387,2.2632,50.7294,39.1718
1675474956.653,2.2797,50.7349,39.1663
1675474956.923,2.2852,50.7458,39.1553
1675474957.173,2.3071,50.7294,39.1718
1675474957.407,2.2852,50.7239,39.1772
1675474957.673,2.2742,50.7349,39.1663
1675474957.939,2.2852,50.7568,39.1443
1675474958.207,2.2852,50.7349,39.1663
1675474958.457,2.3016,50.7349,39.1663
1675474958.692,2.2852,50.7294,39.1718
1675474958.973,2.2852,50.7294,39.1718
1675474959.207,2.2961,50.7404,39.1608
1675474959.461,2.2632,50.6689,39.2322
1675474959.742,2.3016,50.7953,39.1058
1675474959.976,2.3016,50.7568,39.1388
1675474960.242,2.3291,50.7294,39.1718
1675474960.508,2.3126,50.7239,39.1718
1675474960.753,2.3236,50.7568,39.1388
1675474960.99,2.3016,50.7404,39.1608
1675474961.255,2.2742,50.7129,39.1882
1675474961.521,2.3126,50.7129,39.1827
1675474961.787,2.2852,50.7184,39.1827
1675474962.037,2.2906,50.8173,39.0839
1675474962.274,2.3401,50.7788,39.1168
1675474962.534,2.2577,50.6085,39.2926
1675474962.8,2.3071,50.7184,39.1772
1675474963.05,2.3126,50.7458,39.1498
1675474963.3,2.2906,50.7458,39.1608
1675474963.585,2.2522,50.7458,39.1608
1675474963.835,2.2577,50.6909,39.2102
1675474964.085,2.2412,50.6635,39.2377
1675474964.35,2.2797,50.7129,39.1882
1675474964.585,2.1973,50.7404,39.1663
1675474964.851,2.3016,50.7458,39.1498
1675474965.103,2.2742,50.7239,39.1772
1675474965.353,2.2852,50.7349,39.1663
1675474965.603,2.3071,50.7184,39.1772
1675474965.885,2.2906,50.7184,39.1827
1675474966.135,2.2742,50.6909,39.2102
1675474966.373,2.3181,50.6964,39.1992
1675474966.654,2.1533,50.592,39.3256
1675474966.902,2.2137,50.7513,39.1553
1675474967.143,2.2577,50.8667,39.0344
1675474967.395,2.3676,50.8282,39.0674
1675474967.664,2.3401,50.6854,39.2102
1675474967.914,2.2632,50.625,39.2816
1675474968.195,2.4005,50.8557,39.0344
1675474968.43,2.1973,50.647,39.2651
1675474968.68,2.3621,50.7953,39.0948
1675474968.965,2.2906,50.7623,39.1388
1675474969.214,2.3291,50.7458,39.1498
1675474969.468,2.3016,50.6799,39.2157
1675474969.702,2.3181,50.7458,39.1498
1675474969.983,2.3016,50.6799,39.2212
1675474970.218,2.2357,50.6415,39.2651
1675474970.472,2.1973,50.6854,39.2212
1675474970.753,2.1753,50.7129,39.1937
1675474970.987,2.2028,50.7184,39.1882
1675474971.253,2.2192,50.7184,39.1882
1675474971.503,2.1698,50.6799,39.2267
1675474971.759,2.1753,50.7404,39.1718
1675474972.04,2.2577,50.7458,39.1608
1675474972.274,2.2028,50.6525,39.2541
1675474972.521,2.3071,50.7568,39.1388
1675474972.911,2.2302,50.6964,39.2102
1675474973.18,2.2412,50.7458,39.1608
1675474973.399,2.2906,50.7678,39.1333
1675474973.68,2.2852,50.7074,39.1882
1675474973.914,2.2742,50.7019,39.1992
1675474974.164,2.2742,50.7513,39.1498
1675474974.452,2.3511,50.8008,39.0948
1675474974.687,2.2906,50.7019,39.1992
1675474974.937,2.2906,50.7404,39.1608
1675474975.218,2.3016,50.7458,39.1553
1675474975.452,2.2742,50.7294,39.1718
1675474975.702,2.2852,50.7294,39.1718
1675474975.956,2.2357,50.7294,39.1772
1675474976.221,2.2632,50.7568,39.1388
1675474976.471,2.2961,50.7458,39.1553
1675474976.737,2.3016,50.7404,39.1608
1675474977.111,2.2137,50.7404,39.1663
1675474977.349,2.1588,50.8777,39.0234
1675474977.631,2.439,50.603,39.2541
1675474977.865,2.5708,50.8777,38.996
1675474978.115,2.2522,50.9271,38.952
1675474978.396,2.1643,50.5371,39.3805
1675474978.635,2.049,51.2292,38.6884
1675474978.9,2.2632,50.5041,39.3915
1675474979.166,2.5269,50.8118,39.0674
1675474979.404,2.3291,50.9766,38.9191
1675474979.654,2.6752,49.7681,40.0891
1675474979.939,3.197,50.8832,38.9191
1675474980.189,0.824,51.4105,38.6005
1675474980.439,1.9556,51.059,38.8477
1675474980.705,2.1094,50.5096,39.4025
1675474980.939,2.2742,50.8942,39.007
1675474981.205,2.2357,50.7184,39.1827
1675474981.474,2.2522,50.6964,39.2102
1675474981.708,2.2522,50.7184,39.1827
1675474981.964,2.2632,50.7294,39.1718
1675474982.229,2.2467,50.7294,39.1772
1675474982.491,2.2412,50.7074,39.1937
1675474982.729,2.3071,50.7623,39.1388
1675474982.979,2.2577,50.6525,39.2487
1675474983.261,2.2742,50.7129,39.1882
1675474983.502,2.2577,50.7404,39.1608
1675474983.752,2.2577,50.7074,39.1937
1675474984.006,2.2412,50.6909,39.2157
1675474984.271,2.2467,50.6854,39.2157
1675474984.525,2.2632,50.7129,39.1882
1675474984.775,2.2467,50.7239,39.1827
1675474985.056,2.2357,50.7074,39.1992
1675474985.303,2.2412,50.7129,39.1882
1675474985.545,2.2412,50.7074,39.1992
1675474985.826,2.2742,50.7184,39.1772
1675474986.06,2.2247,50.6799,39.2267
1675474986.31,2.1973,50.7074,39.2047
1675474986.592,2.2797,50.7404,39.1663
1675474986.83,3.7628,51.0425,38.6993
1675474987.08,0.2966,47.9993,42.0227
1675474987.351,1.9556,48.1366,41.7096
1675474987.601,2.6312,51.3776,38.4906
1675474987.851,3.2904,51.3995,38.4082
1675474988.104,2.9059,50.7404,39.1168
1675474988.386,2.5049,50.9546,38.9246
1675474988.62,2.2028,50.9106,38.996
1675474988.901,2.7081,50.9766,38.8806
1675474989.136,2.4829,50.7568,39.1333
1675474989.421,3.2684,51.1633,38.6444
1675474989.639,2.2632,50.993,38.9081
1675474989.905,2.0709,50.9766,38.941
1675474990.155,2.6697,50.9216,38.9301
1675474990.436,2.7191,51.3391,38.5126
1675474990.671,2.3456,50.1746,39.7266
1675474990.924,3.7518,51.1908,38.595
1675474991.314,1.6754,48.9001,41.0449
1675474991.549,0.9998,53.031,36.947
1675474991.803,3.5156,52.3993,37.3975
1675474992.053,2.0984,50.0372,39.8804
1675474992.338,359.6924,50.0317,39.9683
1675474992.572,1.2689,50.213,39.7266
1675474992.836,2.6917,50.3284,39.5398
1675474993.108,0.7416,50.8612,39.1388
1675474993.457,3.1696,50.0317,39.787
1675474993.721,2.2137,50.8502,39.0619
1675474993.987,2.0435,50.8722,39.0509
1675474994.237,2.1094,50.8557,39.0619
1675474994.475,2.1039,50.7513,39.1608
1675474994.725,2.1259,50.8008,39.1168
1675474995.01,2.1918,50.8228,39.0839
1675474995.244,2.1259,50.7568,39.1608
1675474995.51,2.1973,50.7788,39.1278
1675474995.764,2.2028,50.8063,39.1003
1675474996.014,2.1588,50.7678,39.1443
1675474996.267,2.2302,50.8282,39.0784
1675474996.548,2.1698,50.7568,39.1553
1675474996.783,2.1753,50.7623,39.1498
1675474997.048,2.1808,50.7843,39.1223
1675474997.314,2.2357,50.8008,39.1003
1675474997.563,2.0819,50.6799,39.2377
1675474997.802,2.1863,50.7843,39.1278
1675474998.052,2.1863,50.8173,39.0948
1675474998.317,2.1259,50.7568,39.1553
1675474998.567,2.1918,50.8063,39.1003
1675474998.833,2.1753,50.8063,39.1058
1675474999.102,2.1204,50.7349,39.1772
1675474999.352,2.1478,50.7678,39.1443
1675474999.59,2.1313,50.7678,39.1443
1675474999.855,2.1423,50.7623,39.1498
1675475000.105,2.1533,50.7678,39.1388
1675475000.358,2.1698,50.7733,39.1388
1675475000.624,2.1643,50.7733,39.1388
1675475000.89,2.1204,50.7294,39.1882
1675475001.155,2.1259,50.7568,39.1553
1675475001.405,2.1588,50.7788,39.1333
1675475001.656,2.1588,50.7623,39.1498
1675475001.925,2.1368,50.7458,39.1663
1675475002.16,2.1478,50.7568,39.1553
1675475002.41,2.1478,50.7843,39.1223
1675475002.691,2.1368,50.7568,39.1608
1675475002.925,2.1313,50.7733,39.1388
1675475003.195,2.2028,50.8008,39.1113
1675475003.445,2.1533,50.7513,39.1608
1675475003.695,2.1259,50.7678,39.1443
1675475003.961,2.1588,50.7678,39.1443
1675475004.226,2.1478,50.7788,39.1333
1675475004.464,2.1368,50.7788,39.1333
1675475004.714,2.1368,50.7788,39.1388
1675475004.996,2.1643,50.7788,39.1333
1675475005.23,2.1478,50.7678,39.1443
1675475005.511,2.1423,50.7513,39.1608
1675475005.749,2.1259,50.7733,39.1388
1675475005.999,2.1533,50.7953,39.1168
1675475006.249,2.1313,50.7568,39.1498
1675475006.515,2.1259,50.7678,39.1443
1675475006.765,2.1588,50.7843,39.1278
1675475007.046,2.1533,50.7678,39.1443
1675475007.284,2.1149,50.7568,39.1608
1675475007.537,2.1478,50.7788,39.1388
1675475007.802,2.1368,50.7733,39.1388
1675475008.052,2.1643,50.7733,39.1388
1675475008.318,2.1533,50.7678,39.1443
1675475008.557,2.1313,50.7623,39.1498
1675475008.823,2.1423,50.7733,39.1388
1675475009.093,2.1643,50.7843,39.1223
1675475009.327,2.1533,50.7733,39.1388
1675475009.58,2.1643,50.7788,39.1333
1675475009.85,2.1094,50.7513,39.1608
1675475010.1,2.1753,50.7843,39.1223
1675475010.35,2.1094,50.7788,39.1388
1675475010.616,2.1588,50.7843,39.1223
1675475010.881,2.0984,50.7404,39.1772
1675475011.228,2.0984,50.7404,39.1718
1675475011.509,2.1643,50.7788,39.1333
1675475011.749,2.1588,50.8063,39.1003
1675475011.999,2.049,50.6689,39.2487
1675475012.249,2.1039,50.7458,39.1663
1675475012.506,2.1643,50.7843,39.1223
1675475012.791,2.1149,50.7458,39.1718
1675475013.025,2.1533,50.7898,39.1223
1675475013.291,2.0929,50.7568,39.1553
1675475013.572,2.1478,50.7953,39.1168
1675475013.791,2.1643,50.7788,39.1333
1675475014.045,2.1204,50.7458,39.1718
1675475014.31,2.1478,50.7184,39.1937
1675475014.564,2.0929,50.7184,39.1992
1675475014.845,2.1588,50.7733,39.1388
1675475015.095,2.1368,50.7843,39.1333
1675475015.332,0.9668,50.3668,39.6167
1675475015.582,2.2137,50.9052,39.007
1675475015.864,1.9116,50.8832,39.0454
1675475016.098,2.1039,49.9933,39.9353
1675475016.379,2.9059,51.6028,38.2379
1675475016.614,3.4387,51.1853,38.584
1675475016.868,3.1201,51.2897,38.54
1675475017.149,1.9281,50.5206,39.4025
1675475017.381,2.3401,51.4105,38.4961
1675475017.663,2.4939,51.2787,38.606
1675475017.913,2.3785,51.7896,38.0896
1675475018.151,2.4939,50.8887,38.996
1675475018.401,2.774,51.0754,38.7762
1675475018.667,0.3406,50.4602,39.5343
1675475018.917,4.6747,50.213,39.4025
1675475019.167,2.3291,51.2732,38.6444
1675475019.436,1.8402,51.1194,38.8147
1675475019.705,6.1853,49.8065,39.5123
1675475019.939,1.236,49.444,40.5286
1675475020.205,2.9279,52.4048,37.4469
1675475020.455,2.1863,51.9708,37.9358
1675475020.705,1.7358,50.8942,39.0674
1675475020.989,2.2687,51.405,38.4961
1675475021.224,2.4005,51.2897,38.6005
1675475021.474,2.3785,51.1908,38.7048
1675475021.739,2.2467,51.1139,38.7927
1675475022.005,2.3291,51.1414,38.7543
1675475022.243,2.2742,51.1469,38.7543
1675475022.524,2.3181,51.1798,38.7213
1675475022.758,2.3126,51.1633,38.7378
1675475023.032,2.2961,51.1853,38.7158
1675475023.29,2.2577,51.1798,38.7268
1675475023.529,2.2028,51.0864,38.8147
1675475023.779,2.3181,51.1139,38.7872
1675475024.061,2.2852,51.1084,38.7927
1675475024.295,2.2852,51.1523,38.7543
1675475024.576,2.3511,51.1743,38.7213
1675475024.816,2.2192,51.1523,38.7543
1675475025.066,2.2522,51.1139,38.7817
1675475025.316,2.2797,51.1084,38.7927
1675475025.597,2.2632,51.0974,38.8037
1675475025.831,2.2247,51.0864,38.8202
1675475026.09,2.2742,51.1139,38.7872
1675475026.343,2.2687,51.1139,38.7927
1675475026.627,2.2632,51.1139,38.7872
1675475026.877,2.2687,51.1194,38.7817
1675475027.112,2.2357,51.1194,38.7872
1675475027.365,2.2577,51.1194,38.7817
1675475027.649,2.2522,51.1139,38.7872
1675475027.884,2.2577,51.1139,38.7872
1675475028.134,2.2467,51.1194,38.7872
1675475028.415,2.2412,51.1029,38.7982
1675475028.649,2.2797,51.1139,38.7817
1675475028.911,2.2577,51.1084,38.7927
1675475029.184,2.2522,51.1194,38.7817
1675475029.418,2.2412,51.1139,38.7927
1675475029.682,2.2412,51.1304,38.7762
1675475029.953,2.2357,51.1139,38.7927
1675475030.187,2.2247,51.1139,38.7927
1675475030.456,2.1863,51.1029,38.7982
1675475030.691,2.2632,51.0754,38.8257
1675475030.956,2.2522,51.0754,38.8257
1675475031.206,2.2852,51.0754,38.8257
1675475031.472,2.2467,51.0809,38.8257
1675475031.741,2.2577,51.0864,38.8202
1675475031.991,2.2357,51.1139,38.7927
1675475032.241,2.2577,51.1029,38.8037
1675475032.491,2.2412,51.1139,38.7872
1675475032.772,2.2467,51.1194,38.7817
1675475033.018,2.2522,51.1029,38.7982
1675475033.258,2.2302,51.1249,38.7817
1675475033.539,2.2412,51.1029,38.7982
1675475033.789,2.2247,51.0919,38.8147
1675475034.039,2.2247,51.0754,38.8312
1675475034.289,2.2687,51.0974,38.8037
1675475034.543,2.2577,51.1029,38.7982
1675475034.797,2.2192,51.0974,38.8092
1675475035.047,2.2028,51.0864,38.8257
1675475035.313,2.2412,51.1139,38.7927
1675475035.578,2.2467,51.0974,38.8092
1675475035.816,2.2412,51.1139,38.7927
1675475036.081,2.2577,51.0974,38.8037
1675475036.347,2.1973,51.1029,38.8037
1675475036.612,2.2137,51.1139,38.7927
1675475036.847,2.2247,51.1029,38.8037
1675475037.113,2.2247,51.0809,38.8257
1675475037.352,2.2357,51.0864,38.8202
1675475037.618,2.2852,51.0919,38.8092
1675475037.868,2.2577,51.1249,38.7762
1675475038.149,2.2247,51.1249,38.7817
1675475038.384,2.1918,51.1029,38.8037
1675475038.762,2.2632,51.0864,38.8147
1675475039.012,2.2247,51.059,38.8531
1675475039.262,2.2357,51.0919,38.8147
1675475039.512,2.2522,51.1029,38.8037
1675475039.796,2.2632,51.1084,38.7927
1675475040.046,2.2357,51.1029,38.8037
1675475040.28,2.2412,51.1139,38.7927
1675475040.562,2.2412,51.1249,38.7762
1675475040.796,2.2412,51.1249,38.7817
1675475041.046,2.2137,51.0974,38.8092
1675475041.33,2.2577,51.1139,38.7872
1675475041.568,2.2192,51.1139,38.7927
1675475041.818,2.2302,51.1139,38.7872
1675475042.099,2.2522,51.1194,38.7817
1675475042.349,2.2247,51.0974,38.8092
1675475042.588,2.2247,51.0974,38.8092
1675475042.869,2.2467,51.1029,38.8037
1675475043.103,2.2577,51.1139,38.7872
1675475043.353,3.1366,51.2787,38.54
1675475043.634,2.1753,51.1578,38.7543
1675475043.869,3.4991,51.4874,38.2599
1675475044.122,4.3451,51.7566,37.8973
1675475044.388,4.5374,52.2345,37.4084
1675475044.638,0.6976,51.7017,38.2764
1675475044.891,2.796,51.3391,38.5181
1675475045.172,2.0105,51.9818,37.9358
1675475045.425,1.9226,51.5204,38.3917
1675475045.675,0.4559,51.7786,38.2104
1675475045.941,3.1476,51.8335,37.9852
1675475046.175,3.0927,52.1631,37.6611
1675475046.456,359.9616,52.0752,37.8589
1675475046.695,3.1366,49.7681,40.0616
1675475046.945,2.0984,50.1086,39.809
1675475047.195,1.3898,50.5261,39.4189
1675475047.476,2.3401,50.9985,38.8916
1675475047.71,1.8292,52.3828,37.5513
1675475047.996,3.2465,51.8445,37.9578
1675475048.245,2.406,51.7731,38.1116
1675475048.479,2.5159,51.6357,38.2434
1675475048.73,2.5104,51.5973,38.2874
1675475048.995,2.4774,51.6467,38.2434
1675475049.261,2.5049,51.6248,38.2544
1675475049.53,2.4884,51.6412,38.2434
1675475049.784,2.4994,51.6248,38.2544
1675475050.038,2.4664,51.6357,38.2489
1675475050.272,2.4829,51.6302,38.2544
1675475050.538,2.45,51.5918,38.2928
1675475050.792,2.4335,51.5643,38.3258
1675475051.042,2.4829,51.5863,38.2928
1675475051.323,2.4884,51.6028,38.2764
1675475051.573,2.4664,51.6083,38.2764
1675475051.818,2.4664,51.6193,38.2654
1675475052.083,2.4774,51.6083,38.2764
1675475052.321,2.4774,51.6138,38.2709
1675475052.571,2.439,51.6357,38.2544
1675475052.851,2.4719,51.6302,38.2544
1675475053.112,2.4939,51.6138,38.2654
1675475053.362,2.4774,51.6028,38.2819
1675475053.601,2.45,51.6248,38.2654
1675475053.882,2.4719,51.6248,38.2599
1675475054.116,2.4829,51.6302,38.2544
1675475054.366,2.439,51.6138,38.2764
1675475054.648,2.4774,51.6248,38.2599
1675475054.886,2.4664,51.5973,38.2928
1675475055.136,2.4719,51.6412,38.2434
1675475055.417,2.417,51.6357,38.2544
1675475055.655,2.4335,51.6577,38.2324
1675475055.905,2.4554,51.5918,38.2928
1675475056.16,2.439,51.6248,38.2654
1675475056.425,2.428,51.6138,38.2764
1675475056.676,2.428,51.5753,38.3148
1675475056.957,2.4939,51.6138,38.2709
1675475057.192,2.4884,51.5973,38.2819
1675475057.442,2.406,51.6248,38.2654
1675475057.696,2.395,51.6742,38.2159
1675475057.962,2.5049,51.5808,38.2983
1675475058.212,2.5104,51.6138,38.2654
1675475058.493,2.4445,51.6412,38.2434
1675475058.728,2.4774,51.6248,38.2544
1675475058.981,2.406,51.6138,38.2709
1675475059.262,2.45,51.5973,38.2928
1675475059.497,2.439,51.5479,38.3368
1675475059.747,2.395,51.5588,38.3313
1675475060.031,2.4664,51.5863,38.3038
1675475060.28,2.45,51.6357,38.2489
1675475060.519,2.428,51.6083,38.2819
1675475060.8,2.4225,51.5863,38.3038
1675475061.034,2.373,51.5863,38.3038
1675475061.284,2.5378,51.6083,38.2709
1675475061.55,2.4774,51.5753,38.3038
1675475061.804,2.4554,51.6412,38.2434
1675475062.054,2.4664,51.6412,38.2379
1675475062.32,2.4609,51.6522,38.2324
1675475062.57,2.45,51.6028,38.2819
1675475062.851,2.4554,51.5973,38.2874
1675475063.089,2.45,51.5808,38.3038
1675475063.339,2.4719,51.6412,38.2434
1675475063.589,2.4115,51.6412,38.2434
1675475063.87,2.4829,51.6138,38.2654
1675475064.104,2.4554,51.5643,38.3203
1675475064.37,2.439,51.5918,38.2983
1675475064.621,2.4445,51.6248,38.2654
1675475064.871,2.4445,51.6357,38.2544
1675475065.124,2.4554,51.6138,38.2764
1675475065.39,2.4554,51.6248,38.2599
1675475065.755,2.395,51.6028,38.2928
1675475066.005,2.3895,51.5918,38.3038
1675475066.256,2.45,51.6248,38.2654
1675475066.521,2.384,51.6193,38.2764
1675475066.787,2.4225,51.6028,38.2874
1675475067.052,2.4554,51.6028,38.2819
1675475067.291,2.428,51.6083,38.2819
1675475067.54,2.4664,51.6412,38.2434
1675475067.821,2.4115,51.6357,38.2544
1675475068.055,2.439,51.6138,38.2709
1675475068.321,2.417,51.6248,38.2599
1675475068.59,2.4445,51.6248,38.2654
1675475068.824,2.439,51.6138,38.2764
1675475069.074,2.4664,51.6138,38.2709
1675475069.34,1.8073,51.3007,38.6334
1675475069.59,2.6862,51.4874,38.3807
1675475069.875,2.829,51.5479,38.2928
1675475070.098,2.4445,51.4709,38.4192
1675475070.364,1.7963,52.3059,37.6666
1675475070.614,3.3234,50.5371,39.2596
1675475070.879,3.5706,49.8999,39.8859
1675475071.129,3.0322,50.8063,39.0234
1675475071.383,2.7356,51.9653,37.8973
1675475071.668,2.5653,51.5918,38.2874
1675475071.918,2.2632,51.3446,38.5565
1675475072.153,3.7354,52.0917,37.6556
1675475072.403,2.5323,51.4984,38.3807
1675475072.687,359.6649,58.1122,31.8768
1675475072.922,3.9441,49.444,40.21
1675475073.172,3.8123,52.3828,37.348
1675475073.437,2.5488,51.6467,38.2324
1675475073.797,359.8407,53.2068,36.7877
1675475074.066,2.774,53.9484,35.9198
1675475074.331,1.4886,54.7174,35.2386
1675475074.566,2.2961,53.2727,36.6229
1675475074.925,1.5436,52.9926,36.9635
1675475075.194,3.2904,52.8992,36.8976
1675475075.448,2.6697,51.9324,37.9358
1675475075.698,3.4277,52.2784,37.5073
1675475075.963,2.5269,52.24,37.6392
1675475076.213,2.7301,52.4652,37.392
1675475076.463,2.5983,52.2949,37.5732
1675475076.749,2.6532,52.3224,37.5458
1675475076.983,2.7466,52.3389,37.5183
1675475077.233,2.6917,52.3444,37.5183
1675475077.514,2.6422,52.3444,37.5238
1675475077.749,2.6532,52.3499,37.5128
1675475078.003,2.7356,52.3334,37.5293
1675475078.284,2.7026,52.3389,37.5293
1675475078.518,2.7136,52.3224,37.5348
1675475078.8,2.7081,52.2949,37.5623
1675475079.034,2.7081,52.3059,37.5568
1675475079.284,2.6312,52.3059,37.5623
1675475079.568,2.6971,52.3389,37.5238
1675475079.818,2.6422,52.3224,37.5513
1675475080.053,2.6807,52.2894,37.5732
1675475080.306,2.6477,52.3444,37.5238
1675475080.572,2.6642,52.2894,37.5732
1675475080.826,2.6752,52.3169,37.5513
1675475081.076,2.6752,52.3114,37.5513
1675475081.357,2.6587,52.3059,37.5623
1675475081.591,2.6971,52.2949,37.5677
1675475081.857,2.6587,52.3224,37.5458
1675475082.11,2.6367,52.3059,37.5623
1675475082.36,2.6917,52.3389,37.5293
1675475082.61,2.7356,52.3059,37.5513
1675475082.876,2.7191,52.3169,37.5458
1675475083.142,2.6093,52.2729,37.5952
1675475083.407,2.6202,52.3114,37.5623
1675475083.661,2.5598,52.2894,37.5842
1675475083.911,2.6312,52.3334,37.5403
1675475084.161,2.6477,52.3059,37.5623
1675475084.411,2.6532,52.2839,37.5842
1675475084.661,2.5708,52.2949,37.5842
1675475084.945,2.6147,52.2784,37.5897
1675475085.18,2.5763,52.3059,37.5677
1675475085.43,2.6312,52.3169,37.5513
1675475085.7,2.6202,52.2784,37.5897
1675475085.965,2.6697,52.3279,37.5348
1675475086.203,2.6038,52.2949,37.5787
1675475086.453,2.6312,52.3059,37.5677
1675475086.719,2.6477,52.3169,37.5513
1675475086.969,2.6532,52.3169,37.5513
1675475087.25,2.6477,52.3334,37.5348
1675475087.484,2.6312,52.3279,37.5458
1675475087.734,2.6971,52.3389,37.5238
1675475087.999,2.7356,52.3553,37.5018
1675475088.249,2.6532,52.2784,37.5897
1675475088.531,2.6697,52.3004,37.5623
1675475088.765,2.6312,52.2784,37.5897
1675475089.019,2.6422,52.3224,37.5458
1675475089.284,2.6202,52.3169,37.5513
1675475089.55,2.6312,52.3499,37.5183
1675475089.784,2.6038,52.2729,37.6007
1675475090.066,2.6093,52.3004,37.5732
1675475090.304,2.6312,52.3224,37.5458
1675475090.554,2.6587,52.3059,37.5623
1675475090.807,2.5763,52.2894,37.5897
1675475091.073,2.6587,52.3389,37.5238
1675475091.339,2.7136,52.3444,37.5128
1675475091.589,2.6587,52.3224,37.5458
1675475091.861,2.6642,52.3059,37.5623
1675475092.096,2.6422,52.3389,37.5348
1675475092.346,2.6202,52.2949,37.5787
1675475092.611,2.6752,52.3389,37.5293
1675475092.877,2.6642,52.3608,37.5073
1675475093.114,2.6807,52.3059,37.5568
1675475093.396,2.6367,52.3059,37.5623
1675475093.63,2.6093,52.5751,37.3041
1675475093.989,2.6587,52.3608,37.5073
1675475094.255,2.7081,52.3059,37.5568
1675475094.524,2.6697,52.3389,37.5293
1675475094.758,2.6971,52.3334,37.5293
1675475095.039,2.6697,52.3279,37.5348
1675475095.274,2.6422,52.3059,37.5623
1675475095.555,2.6367,52.3114,37.5568
1675475095.809,2.6147,52.3059,37.5677
1675475096.059,2.5983,52.2949,37.5732
1675475096.325,2.6202,52.3004,37.5732
1675475096.559,2.6202,52.3389,37.5293
1675475096.809,2.6807,52.3114,37.5513
1675475097.094,2.6587,52.2949,37.5677
1675475097.344,2.6752,52.3279,37.5403
1675475097.582,2.6257,52.3334,37.5403
1675475097.832,2.6147,52.2949,37.5732
1675475098.113,2.6202,52.2949,37.5732
1675475098.363,2.5983,52.3224,37.5513
1675475098.601,1.6479,52.5531,37.3975
1675475098.867,1.9226,51.6852,38.2434
1675475099.117,3.7244,52.6355,37.0624
1675475099.367,2.2742,52.998,36.8976
1675475099.633,2.7301,52.7618,37.1008
1675475099.886,3.0432,53.3661,36.4636
1675475100.136,2.8674,54.1022,35.7385
1675475100.402,2.6752,53.3331,36.524
1675475100.667,4.054,53.2452,36.4471
1675475100.906,4.0924,52.0477,37.6282
1675475101.175,3.2904,53.5858,36.2164
1675475101.425,3.4552,52.4652,37.2986
1675475101.706,4.0649,51.5204,38.2104
1675475101.956,3.6145,53.4924,36.2549
1675475102.19,4.845,53.3221,36.2878
1675475102.442,4.2078,53.4705,36.2054
1675475102.726,4.4165,53.3057,36.3483
1675475102.961,0.5713,50.8832,39.1003
1675475103.226,1.9611,52.3334,37.5952
1675475103.492,4.5813,51.4709,38.15
1675475103.758,3.1805,53.3936,36.4197
1675475103.98,3.4003,52.4432,37.337
1675475104.262,3.2904,52.7783,37.0239
1675475104.496,4.0979,52.619,37.0459
1675475104.746,2.5214,52.4817,37.4084
1675475105.012,3.0212,53.0255,36.8042
1675475105.265,3.175,52.6245,37.1887
1675475105.515,3.3234,52.7344,37.0569
1675475105.806,3.3398,52.7509,37.0404
1675475106.034,3.3838,52.663,37.1173
1675475106.284,3.3124,52.6904,37.1008
1675475106.55,3.2355,52.7234,37.0844
1675475106.804,3.2684,52.6849,37.1173
1675475107.054,3.2465,52.6904,37.1118
1675475107.32,3.2739,52.7014,37.1008
1675475107.57,3.2794,52.6849,37.1118
1675475107.835,3.2465,52.6739,37.1338
1675475108.105,3.2629,52.6849,37.1173
1675475108.34,3.241,52.6904,37.1118
1675475108.59,3.2629,52.7014,37.1008
1675475108.871,3.2574,52.6685,37.1338
1675475109.105,3.2904,52.663,37.1393
1675475109.39,3.3124,52.663,37.1283
1675475109.64,3.2904,52.6849,37.1118
1675475109.875,3.2849,52.6849,37.1173
1675475110.125,3.2904,52.63,37.1667
1675475110.39,3.2355,52.663,37.1393
1675475110.64,3.219,52.6849,37.1173
1675475110.898,3.252,52.652,37.1558
1675475111.164,3.252,52.641,37.1613
1675475111.429,3.2739,52.652,37.1448
1675475111.695,3.3124,52.6904,37.1063
1675475111.945,3.252,52.6245,37.1777
1675475112.183,3.2794,52.652,37.1503
1675475112.43,3.2574,52.6739,37.1283
1675475112.696,3.2739,52.6739,37.1283
1675475112.95,3.2904,52.6575,37.1393
1675475113.215,3.2904,52.6355,37.1613
1675475113.454,3.2465,52.6685,37.1338
1675475113.719,3.252,52.6575,37.1448
1675475113.969,3.2574,52.6355,37.1667
1675475114.24,3.2574,52.6794,37.1228
1675475114.49,3.2245,52.652,37.1503
1675475114.74,3.2629,52.6849,37.1173
1675475115.024,3.252,52.6739,37.1283
1675475115.259,3.241,52.6849,37.1173
1675475115.509,3.2465,52.6355,37.1667
1675475115.762,3.3289,52.6849,37.1063
1675475116.047,3.3014,52.6575,37.1393
1675475116.3,3.2629,52.6849,37.1173
1675475116.534,3.2794,52.7179,37.0844
1675475116.784,3.3014,52.6465,37.1503
1675475117.05,3.2794,52.6465,37.1558
1675475117.316,3.2959,52.6355,37.1558
1675475117.569,3.2684,52.6685,37.1338
1675475117.832,3.2794,52.6739,37.1228
1675475118.066,3.2959,52.663,37.1338
1675475118.332,3.2904,52.6739,37.1283
1675475118.582,3.2849,52.6739,37.1283
1675475118.848,3.241,52.6575,37.1448
1675475119.117,3.2739,52.6739,37.1283
1675475119.352,3.2465,52.663,37.1393
1675475119.602,3.2629,52.6575,37.1503
1675475119.867,3.2739,52.6739,37.1283
1675475120.117,3.2629,52.6575,37.1448
1675475120.512,3.4662,52.5421,37.2382
1675475120.746,3.2739,52.641,37.1613
1675475121.0,3.2739,52.6685,37.1283
1675475121.25,3.2849,52.6849,37.1118
1675475121.516,3.3014,52.6739,37.1228
1675475121.77,3.252,52.6465,37.1558
1675475122.02,3.2629,52.7069,37.0898
1675475122.301,3.2739,52.6849,37.1118
1675475122.539,3.252,52.663,37.1393
1675475122.805,3.2629,52.6739,37.1283
1675475123.074,6.1084,52.3444,36.969
1675475123.418,2.6147,54.2944,35.5737
1675475123.668,3.1421,52.5861,37.2272
1675475123.934,4.7021,53.0255,36.568
1675475124.184,4.0155,52.9651,36.7438
1675475124.437,4.1913,53.4705,36.2109
1675475124.687,3.7408,52.1027,37.6392
1675475124.953,3.9001,53.7122,36.0132
1675475125.203,4.3451,52.8497,36.8317
1675475125.484,3.8068,52.5641,37.1667
1675475125.723,3.576,52.6245,37.1503
1675475125.977,4.9933,52.7618,36.7877
1675475126.227,4.7516,52.9926,36.5955
1675475126.493,3.9276,51.5918,38.1445
1675475126.743,5.7623,52.3993,37.0184
1675475127.024,359.8627,53.5583,36.4362
1675475127.277,7.8333,51.828,37.0734
1675475127.523,1.9501,51.8665,38.0566
1675475127.773,3.8947,51.9214,37.804
1675475128.039,4.6802,52.8442,36.7657
1675475128.289,4.0594,52.7893,36.9086
1675475128.558,3.9716,52.8003,36.9086
1675475128.792,4.2627,52.8333,36.8207
1675475129.074,4.2407,52.7618,36.9086
1675475129.324,4.1364,52.7014,36.98
1675475129.562,4.2517,52.7948,36.8701
1675475129.816,4.1309,52.7014,36.9855
1675475130.066,4.1089,52.6959,36.9965
1675475130.347,4.1473,52.7728,36.9086
1675475130.582,4.1638,52.7563,36.925
1675475130.832,4.1364,52.7509,36.9305
1675475131.118,4.1034,52.7454,36.9415
1675475131.356,4.1254,52.7399,36.947
1675475131.606,4.1528,52.7618,36.9196
1675475131.888,4.1034,52.7234,36.9635
1675475132.122,4.1309,52.7673,36.9196
1675475132.388,4.1473,52.7563,36.925
1675475132.637,4.1199,52.7399,36.947
1675475132.887,4.1309,52.7399,36.9415
1675475133.168,4.1309,52.7618,36.925
1675475133.402,4.1473,52.7509,36.9305
1675475133.652,4.1583,52.7673,36.9141
1675475133.921,4.1199,52.7399,36.947
1675475134.171,4.1144,52.7234,36.969
1675475134.421,4.1528,52.7509,36.9305
1675475134.687,4.1418,52.7563,36.925
1675475134.937,4.1473,52.7399,36.947
1675475135.221,4.1199,52.7124,36.9745
1675475135.473,4.1089,52.7618,36.925
1675475135.707,4.1473,52.7399,36.9415
1675475135.957,4.0979,52.7234,36.969
1675475136.242,4.1199,52.7234,36.9635
1675475136.476,4.0814,52.6959,36.9965
1675475136.729,4.1309,52.7948,36.8866
1675475137.01,4.1858,52.7893,36.8866
1675475137.245,4.1144,52.7454,36.9415
1675475137.495,4.1583,52.7399,36.9415
1675475137.776,4.1583,52.7454,36.936
1675475138.014,4.1473,52.7563,36.925
1675475138.264,4.1309,52.7344,36.9525
1675475138.53,4.1364,52.7563,36.9305
1675475138.796,4.1418,52.7618,36.9196
1675475139.061,4.0924,52.7179,36.9745
1675475139.296,4.1254,52.7509,36.936
1675475139.55,4.1144,52.7399,36.947
1675475139.815,4.1418,52.7454,36.936
1675475140.065,4.1473,52.7618,36.9196
1675475140.315,4.1199,52.7234,36.9635
1675475140.581,4.1034,52.7344,36.958
1675475140.835,4.1199,52.7618,36.9196
1675475141.085,4.1199,52.7509,36.936
1675475141.366,4.1418,52.7399,36.947
1675475141.615,4.1528,52.7618,36.9196
1675475141.854,4.1418,52.7399,36.9415
1675475142.108,4.0814,52.7124,36.98
1675475142.389,4.1089,52.7618,36.925
1675475142.643,4.1254,52.7289,36.958
1675475142.877,4.1418,52.7289,36.958
1675475143.127,4.1309,52.7124,36.969
1675475143.403,4.1089,52.7344,36.9525
1675475143.646,4.1583,52.7838,36.8976
1675475143.927,4.1583,52.7673,36.9141
1675475144.162,4.1309,52.7673,36.9196
1675475144.412,4.1309,52.7399,36.947
1675475144.678,4.1364,52.7838,36.8976
1675475144.946,4.1473,52.7618,36.925
1675475145.18,4.1418,52.7289,36.9525
1675475145.462,4.1418,52.7509,36.9305
1675475145.805,4.1968,52.7728,36.9086
1675475146.055,4.1364,52.7234,36.958
1675475146.34,4.0375,52.7289,36.969
1675475146.574,4.1309,52.8003,36.8866
1675475146.828,4.0649,52.7289,36.9635
1675475147.109,4.1034,52.7399,36.9525
1675475147.343,4.0924,52.7124,36.98
1675475147.596,4.1144,52.7893,36.8976
1675475147.85,4.1583,52.7783,36.9086
1675475148.132,4.1309,52.7728,36.9141
1675475148.366,4.1364,52.7563,36.925
1675475148.616,4.4495,52.9047,36.7438
1675475148.885,4.0155,52.663,37.0514
1675475149.135,5.5371,54.1681,35.2606
1675475149.416,4.0704,53.8,35.8923
1675475149.76,3.8013,52.608,37.1173
1675475150.135,5.0153,55.0195,34.5135
1675475150.373,4.0485,53.2947,36.4032
1675475150.654,4.2352,52.1851,37.4963
1675475150.888,5.0372,52.5586,36.969
1675475151.154,5.7568,53.1244,36.2494
1675475151.42,5.9601,52.229,37.1283
1675475151.674,6.0809,52.0367,37.2821
1675475151.908,4.823,52.8223,36.7712
1675475152.189,5.8173,52.6355,36.7438
1675475152.427,6.5533,52.5311,36.6943
1675475152.677,5.3998,52.8442,36.6174
1675475152.956,5.3119,52.4817,37.002
1675475153.196,5.235,52.5916,36.9031
1675475153.461,5.0977,52.5201,37.0074
1675475153.727,5.1965,52.5476,36.958
1675475153.961,5.2075,52.5366,36.9635
1675475154.227,5.2405,52.5476,36.947
1675475154.481,5.1581,52.5421,36.969
1675475154.737,5.1471,52.5421,36.969
1675475154.987,5.2295,52.5476,36.9525
1675475155.237,5.1965,52.5586,36.947
1675475155.503,5.1086,52.5751,36.9415
1675475155.756,5.1416,52.5531,36.9635
1675475156.037,5.1416,52.5476,36.969
1675475156.272,5.1801,52.5311,36.98
1675475156.526,5.1416,52.5476,36.9635
1675475156.776,5.1416,52.5586,36.958
1675475157.041,5.1361,52.5421,36.9745
1675475157.306,5.0922,52.5256,37.002
1675475157.568,5.0977,52.5421,36.9855
1675475157.803,5.1416,52.5586,36.958
1675475158.069,5.1416,52.5641,36.958
1675475158.334,5.0922,52.5476,36.9745
1675475158.587,5.1416,52.5586,36.958
1675475158.837,5.1196,52.5476,36.9745
1675475159.103,5.1196,52.5531,36.969
1675475159.337,5.1031,52.5366,36.991
1675475159.619,5.1196,52.5476,36.9745
1675475159.856,5.1196,52.5586,36.958
1675475160.137,5.1196,52.5586,36.9635
1675475160.372,5.0922,52.5476,36.9745
1675475160.622,5.1031,52.5586,36.9635
1675475160.872,5.1196,52.5586,36.958
1675475161.154,5.1086,52.5531,36.969
1675475161.391,5.1141,52.5476,36.9745
1675475161.673,5.1086,52.5421,36.98
1675475161.907,5.1141,52.5476,36.969
1675475162.173,5.1086,52.5476,36.9745
1675475162.426,5.1306,52.5586,36.9635
1675475162.694,5.1086,52.5476,36.9745
1675475162.939,5.1031,52.5531,36.969
1675475163.205,5.0977,52.5476,36.9745
1675475163.439,5.1141,52.5476,36.9745
1675475163.689,5.1086,52.5476,36.9745
1675475163.958,5.1141,52.5641,36.958
1675475164.208,5.1251,52.5476,36.969
1675475164.489,5.1031,52.5476,36.9745
1675475164.739,5.0867,52.5476,36.9745
1675475164.974,5.1196,52.5476,36.969
1675475165.26,5.1031,52.5531,36.969
1675475165.509,5.1086,52.5476,36.9745
1675475165.743,5.1196,52.5641,36.958
1675475166.024,5.1196,52.5476,36.969
1675475166.259,5.1141,52.5586,36.9635
1675475166.509,5.0977,52.5531,36.969
1675475166.793,5.1086,52.5586,36.9635
1675475167.028,5.1086,52.5476,36.9745
1675475167.293,5.1031,52.5531,36.9745
1675475167.54,5.1086,52.5586,36.9635
1675475167.809,5.1141,52.5641,36.958
1675475168.047,5.0922,52.5751,36.947
1675475168.313,5.1416,52.5586,36.958
1675475168.563,5.0977,52.5476,36.9745
1675475168.828,5.0922,52.5586,36.969
1675475169.079,5.1416,52.5861,36.936
1675475169.343,5.0977,52.5696,36.958
1675475169.584,5.0977,52.5586,36.9635
1675475169.85,5.1086,52.5476,36.9745
1675475170.1,5.1086,52.5641,36.958
1675475170.475,4.9713,52.4597,37.0898
1675475170.838,5.1031,52.5421,36.98
1675475171.088,5.1306,52.597,36.925
1675475171.338,5.1471,52.5696,36.947
1675475171.603,5.0317,52.5311,37.002
1675475171.853,5.0372,52.5311,37.002
1675475172.122,5.1196,52.5641,36.958
1675475172.372,5.1416,52.5586,36.958
1675475172.72,5.0977,52.5366,36.991
1675475172.88,5.1196,52.5751,36.947
1675475173.13,5.1196,52.5421,36.9745
1675475173.418,5.0812,52.5421,36.9855
1675475173.664,5.1471,52.6025,36.9141
1675475173.899,5.0922,52.5476,36.98
1675475174.18,5.0922,52.4213,37.1063
1675475174.48,5.2899,52.8497,36.6339
1675475174.669,5.2625,51.2787,38.183
1675475174.939,4.3396,51.4215,38.2269
1675475175.204,4.5648,52.3334,37.2821
1675475175.439,5.2734,52.5641,36.9305
1675475175.72,5.8942,52.8772,36.4911
1675475175.954,5.7349,52.7234,36.6779
1675475176.207,4.5703,53.1079,36.5021
1675475176.457,4.8175,51.8829,37.6996
1675475176.724,6.2238,52.0312,37.2546
1675475176.974,5.6195,53.8879,35.5298
1675475177.255,5.3998,52.7618,36.7053
1675475177.493,4.1144,59.1943,30.4486
1675475177.738,4.3121,54.5361,35.1233
1675475178.004,4.6967,54.1241,35.4749
1675475178.253,3.5101,52.3004,37.4414
1675475178.535,7.5421,52.8552,36.0901
1675475178.769,6.9379,52.4597,36.6559
1675475179.039,5.7184,52.5806,36.8207
1675475179.289,5.9161,52.3938,36.9525
1675475179.539,7.5861,51.2897,37.6886
1675475179.789,4.7681,52.2345,37.3425
1675475180.07,2.9279,51.1743,38.6664
1675475180.417,6.7676,51.4984,37.6886
1675475180.667,5.4767,52.5476,36.9086
1675475180.948,6.3995,52.5861,36.6614
1675475181.183,5.3119,52.5476,36.9415
1675475181.433,4.9384,51.3116,38.2324
1675475181.718,5.4657,53.5254,35.9198
1675475181.952,5.2954,51.1084,38.3862
1675475182.202,5.6195,52.3059,37.1283
1675475182.475,5.8722,52.1356,37.2382
1675475182.744,5.7404,52.0038,37.3975
1675475182.967,5.6799,52.0367,37.3755
1675475183.233,5.6689,52.0642,37.348
1675475183.483,5.6635,52.0477,37.37
1675475183.764,5.6909,52.0752,37.3315
1675475183.999,5.658,52.0203,37.3975
1675475184.253,5.6689,52.0532,37.3645
1675475184.538,5.7239,52.0972,37.3096
1675475184.788,5.7184,52.0807,37.3206
1675475185.038,5.6799,52.0752,37.3425
1675475185.304,5.7349,52.0477,37.3535
1675475185.554,5.6909,52.0642,37.348
1675475185.791,5.7074,52.0203,37.392
1675475186.073,5.6799,52.0697,37.3425
1675475186.307,5.6744,52.0367,37.381
1675475186.557,5.6525,52.0422,37.3755
1675475186.823,5.7074,52.0532,37.3535
1675475187.077,5.6854,52.0752,37.3315
1675475187.327,5.6854,52.0367,37.3755
1675475187.6,5.6635,52.0752,37.3425
1675475187.866,5.6415,52.0367,37.392
1675475188.1,5.7349,52.0972,37.3041
1675475188.353,5.7458,52.0642,37.3315
1675475188.607,5.6964,52.0917,37.3206
1675475188.889,5.603,52.0203,37.4084
1675475189.123,5.603,52.0477,37.381
1675475189.389,5.5975,52.0093,37.4194
1675475189.654,5.6854,52.0697,37.3425
1675475189.892,5.6635,52.0477,37.37
1675475190.142,5.6415,52.0258,37.3975
1675475190.423,5.636,52.0258,37.3975
1675475190.658,5.6744,52.0477,37.3645
1675475190.939,5.7019,52.0587,37.348
1675475191.177,5.6854,52.0477,37.359
1675475191.427,5.8118,52.0972,37.2821
1675475191.708,5.7074,52.0752,37.3315
1675475191.942,5.6689,52.0477,37.37
1675475192.192,5.7019,52.0422,37.3645
1675475192.458,5.6799,52.0697,37.3425
1675475192.73,5.6689,52.0587,37.359
1675475192.965,5.6964,52.0862,37.326
1675475193.218,5.6909,52.0477,37.359
1675475193.499,5.6854,52.0642,37.348
1675475193.734,5.6799,52.0477,37.3645
1675475194.003,5.6744,52.0587,37.3535
1675475194.268,5.6799,52.0642,37.3425
1675475194.503,5.6689,52.0587,37.359
1675475194.753,5.658,52.0477,37.37
1675475195.034,5.658,52.0532,37.3645
1675475195.271,5.6799,52.0477,37.37
1675475195.537,5.647,52.0587,37.359
1675475195.802,5.6689,52.0642,37.348
1675475196.053,5.6799,52.0697,37.3425
1675475196.287,5.6689,52.0587,37.3535
1675475196.568,5.6525,52.0642,37.348
1675475196.803,5.6854,52.0587,37.348
1675475197.085,5.6525,52.0532,37.37
1675475197.319,5.6744,52.0642,37.348
1675475197.571,5.6635,52.0642,37.3535
1675475197.84,5.6854,52.0532,37.359
1675475198.109,5.658,52.0532,37.3645
1675475198.347,5.6689,52.0642,37.3535
1675475198.612,5.6635,52.0477,37.3645
1675475198.878,5.6964,52.0642,37.3425
1675475199.113,5.6854,52.0477,37.3645
1675475199.397,5.6799,52.0752,37.337
1675475199.757,5.6689,51.9653,37.4524
1675475199.991,5.647,52.0367,37.381
1675475200.241,5.6635,52.0477,37.3645
1675475200.522,5.6799,52.0642,37.348
1675475200.76,5.6635,52.0587,37.359
1675475201.025,5.6799,52.0587,37.3535
1675475201.291,5.658,52.0642,37.3535
1675475201.525,5.6635,52.0642,37.3535
1675475201.791,5.658,52.0642,37.3535
1675475202.055,5.6744,52.0532,37.359
1675475202.294,5.6854,52.0642,37.3425
1675475202.575,5.658,52.0642,37.348
1675475202.825,5.6635,52.0752,37.3425
1675475203.059,5.6744,52.0642,37.348
1675475203.328,5.658,52.0477,37.37
1675475203.597,5.6305,52.0477,37.37
1675475203.831,5.6799,52.0697,37.3425
1675475204.081,5.647,52.0642,37.359
1675475204.362,5.6854,52.0807,37.3315
1675475204.597,5.6799,52.0642,37.348
1675475204.851,5.636,52.0422,37.381
1675475205.132,5.6085,52.0532,37.3755
1675475205.366,5.6799,52.0642,37.348
1675475205.632,5.647,52.0367,37.381
1675475205.882,5.6415,52.0642,37.359
1675475206.146,5.6799,52.0422,37.37
1675475206.417,5.6799,52.0642,37.348
1675475206.667,5.6689,52.0752,37.3425
1675475206.902,5.6635,52.0697,37.348
1675475207.183,5.6854,52.0752,37.3425
1675475207.433,5.6854,52.0642,37.348
1675475207.673,5.625,52.0532,37.37
1675475207.923,5.6799,52.0807,37.3315
1675475208.188,5.6799,52.0477,37.359
1675475208.442,5.6689,52.0422,37.37
1675475208.719,5.636,52.0367,37.381
1675475209.066,6.5314,53.7946,35.4309
1675475209.316,6.7401,49.6252,39.5618
1675475209.598,5.8118,53.0585,36.3318
1675475209.832,6.1578,49.9219,39.3915
1675475210.082,6.6028,52.0862,37.1118
1675475210.367,6.0645,52.2015,37.1338
1675475210.602,5.5701,52.3114,37.1118
1675475210.867,6.7731,51.8939,37.2656
1675475211.133,4.6582,52.0642,37.5293
1675475211.383,6.1853,52.3169,36.9965
1675475211.636,7.2125,52.8058,36.2549
1675475211.902,5.9656,51.3281,38.0127
1675475212.137,6.1084,50.9491,38.3807
1675475212.402,5.3064,51.817,37.6666
1675475212.67,7.5641,51.6138,37.359
1675475212.908,6.5808,51.7566,37.4579
1675475213.173,5.6305,51.1029,38.3313
1675475213.442,6.3611,52.0972,37.1613
1675475213.672,6.3776,52.3334,36.9305
1675475214.032,5.9546,52.4652,36.8866
1675475214.297,6.6467,51.1139,38.1006
1675475214.551,6.1633,51.2183,38.0841
1675475214.801,6.8115,52.6245,36.5295
1675475215.082,6.0425,51.0315,38.3093
1675475215.332,5.9436,51.4819,37.8864
1675475215.566,6.2567,51.3501,37.9523
1675475215.831,6.2567,51.4215,37.8809
1675475216.081,6.2073,51.3611,37.9358
1675475216.362,6.2347,51.3831,37.9193
1675475216.597,6.1963,51.394,37.9083
1675475216.855,6.1908,51.394,37.9138
1675475217.108,6.2073,51.3995,37.9083
1675475217.39,6.1963,51.405,37.9083
1675475217.624,6.2018,51.405,37.9028
1675475217.874,6.1798,51.394,37.9193
1675475218.171,6.2018,51.4105,37.8973
1675475218.402,6.1963,51.4105,37.8973
1675475218.643,6.1963,51.4215,37.8809
1675475218.924,6.1853,51.405,37.9083
1675475219.174,6.1798,51.4215,37.8918
1675475219.44,6.1853,51.4215,37.8864
1675475219.674,6.1578,51.4105,37.9083
1675475219.922,6.1798,51.416,37.8918
1675475220.187,6.1523,51.4105,37.9083
1675475220.437,6.1688,51.4325,37.8809
1675475220.719,6.1633,51.416,37.8973
1675475220.953,6.1963,51.427,37.8809
1675475221.207,6.2073,51.416,37.8918
1675475221.488,6.1963,51.4435,37.8644
1675475221.738,6.1633,51.4215,37.8918
1675475221.973,6.1853,51.46,37.8534
1675475222.238,6.1688,51.4215,37.8864
1675475222.503,6.1688,51.4325,37.8809
1675475222.742,6.1688,51.438,37.8754
1675475223.023,6.1688,51.449,37.8644
1675475223.257,6.1798,51.416,37.8918
1675475223.526,6.1578,51.4215,37.8973
1675475223.792,6.1249,51.4435,37.8809
1675475224.046,6.1798,51.449,37.8589
1675475224.296,6.1688,51.4435,37.8699
1675475224.561,6.1469,51.4435,37.8754
1675475224.905,6.1414,51.4325,37.8918
1675475225.155,6.1414,51.438,37.8809
1675475225.425,6.1469,51.4545,37.8644
1675475225.675,6.1633,51.4215,37.8918
1675475225.925,6.1798,51.416,37.8918
1675475226.19,6.1633,51.4325,37.8864
1675475226.44,6.1908,51.4215,37.8918
1675475226.695,6.1798,51.4325,37.8809
1675475226.961,6.1633,51.427,37.8864
1675475227.211,6.1523,51.4325,37.8864
1675475227.461,6.1523,51.427,37.8918
1675475227.742,6.1688,51.4325,37.8809
1675475227.98,6.1578,51.4325,37.8864
1675475228.23,6.1523,51.4325,37.8864
1675475228.514,6.1414,51.438,37.8809
1675475228.764,6.1578,51.4325,37.8864
1675475229.019,6.1688,51.4325,37.8809
1675475229.269,6.1633,51.427,37.8918
1675475229.538,6.1688,51.438,37.8754
1675475229.773,6.1469,51.4215,37.8973
1675475230.023,6.1578,51.4215,37.8973
1675475230.288,6.1304,51.4435,37.8809
1675475230.538,6.1414,51.4435,37.8754
1675475230.792,6.1853,51.4435,37.8699
1675475231.042,6.1688,51.405,37.9138
1675475231.308,6.1908,51.416,37.8918
1675475231.558,6.1798,51.449,37.8589
1675475231.814,6.1359,51.4435,37.8809
1675475232.099,6.1853,51.4215,37.8918
1675475232.333,6.1963,51.405,37.8973
1675475232.583,6.1688,51.5039,37.804
1675475232.946,6.1853,51.3721,37.9358
1675475233.212,6.1798,51.427,37.8864
1675475233.466,6.1633,51.46,37.8589
1675475233.719,6.1523,51.4545,37.8589
1675475233.973,6.1578,51.46,37.8589
1675475234.239,6.1523,51.405,37.9193
1675475234.489,6.1633,51.4325,37.8809
1675475234.739,6.1469,51.4325,37.8864
1675475234.999,6.1304,51.405,37.9193
1675475235.281,6.1633,51.438,37.8754
1675475235.515,6.1853,51.4325,37.8809
1675475235.765,6.1139,51.4325,37.8918
1675475236.046,6.1798,51.4435,37.8699
1675475236.284,6.1304,51.4435,37.8809
1675475236.539,6.1908,51.4435,37.8644
1675475236.796,6.1798,51.46,37.8534
1675475237.156,8.877,50.5756,38.0511
1675475237.437,6.1688,51.5259,37.7875
1675475237.684,6.8335,51.6302,37.5238
1675475237.953,5.9381,51.1743,38.1885
1675475238.187,6.6797,51.4709,37.7216
1675475238.437,5.8392,50.9546,38.4357
1675475238.691,6.5753,51.2677,37.9523
1675475238.961,6.7621,51.037,38.15
1675475239.211,7.3279,50.5096,38.54
1675475239.465,7.207,51.0754,37.9852
1675475239.715,7.5861,50.8063,38.1555
1675475239.996,6.4655,51.6742,37.5787
1675475240.245,7.1851,50.5536,38.5181
1675475240.484,5.1526,51.3446,38.1665
1675475240.765,5.9106,48.9496,40.4297
1675475241.109,8.4924,50.0317,38.7048
1675475241.484,7.9047,51.0095,37.8699
1675475241.753,6.9708,50.3613,38.7598
1675475241.988,7.8223,50.3119,38.595
1675475242.251,6.9324,50.5371,38.6114
1675475242.491,7.0038,50.647,38.4741
1675475242.757,7.0642,50.5261,38.584
1675475243.01,6.9983,50.5591,38.562
1675475243.291,6.9653,50.6415,38.4906
1675475243.526,6.9873,50.6195,38.5071
1675475243.779,7.0917,50.5701,38.5291
1675475244.033,6.9873,50.6305,38.5016
1675475244.322,6.9763,50.6689,38.4576
1675475244.553,6.9983,50.6525,38.4741
1675475244.819,6.9928,50.6525,38.4686
1675475245.084,7.0313,50.5811,38.5345
1675475245.334,7.0313,50.7239,38.3917
1675475245.584,6.9489,50.6635,38.4741
1675475245.822,7.0862,50.5756,38.5236
1675475246.088,7.0093,50.6635,38.4631
1675475246.338,6.9269,50.7239,38.4137
1675475246.619,6.9873,50.658,38.4686
1675475246.854,6.9873,50.647,38.4741
1675475247.107,7.0532,50.658,38.4521
1675475247.388,6.9489,50.6635,38.4686
1675475247.618,7.1027,50.7294,38.3643
1675475247.884,7.0367,50.6525,38.4631
1675475248.134,7.0917,50.7294,38.3698
1675475248.419,7.1136,50.7074,38.3917
1675475248.673,7.0752,50.6799,38.4192
1675475248.923,7.0367,50.658,38.4576
1675475249.157,7.0532,50.7404,38.3698
1675475249.438,7.1301,50.7404,38.3533
1675475249.673,7.0807,50.7184,38.3807
1675475249.926,7.0422,50.7349,38.3807
1675475250.176,7.0258,50.7184,38.3972
1675475250.442,7.0313,50.7458,38.3698
1675475250.692,7.0587,50.7129,38.3917
1675475250.973,7.0917,50.7184,38.3807
1675475251.212,7.0752,50.7294,38.3698
1675475251.462,7.0477,50.7404,38.3698
1675475251.743,7.1136,50.7349,38.3478
1675475252.087,7.0642,50.7294,38.3807
1675475252.352,7.0477,50.7294,38.3807
1675475252.622,7.0477,50.7349,38.3752
1675475252.872,7.0862,50.7349,38.3643
1675475253.122,7.0422,50.7294,38.3807
1675475253.388,7.0532,50.7404,38.3698
1675475253.622,7.0422,50.7404,38.3698
1675475253.879,7.0532,50.7458,38.3588
1675475254.129,7.0862,50.7458,38.3533
1675475254.411,7.0258,50.7184,38.3972
1675475254.661,7.0258,50.7239,38.3917
1675475254.926,7.0367,50.7294,38.3807
1675475255.176,7.0148,50.7349,38.3862
1675475255.415,7.0093,50.7074,38.4137
1675475255.68,7.0642,50.7294,38.3807
1675475255.93,7.0532,50.7349,38.3752
1675475256.18,7.0532,50.7294,38.3807
1675475256.461,7.0642,50.7349,38.3698
1675475256.715,7.0148,50.7239,38.3917
1675475256.95,7.0642,50.7458,38.3643
1675475257.2,7.0203,50.7404,38.3807
1675475257.465,7.0477,50.7239,38.3862
1675475257.715,7.0258,50.7184,38.3972
1675475257.998,7.0587,50.7404,38.3698
1675475258.233,7.0422,50.7349,38.3807
1675475258.483,7.0642,50.7184,38.3917
1675475258.748,7.0367,50.7184,38.3917
1675475258.998,7.0367,50.7239,38.3917
1675475259.28,7.0313,50.7239,38.3917
1675475259.533,7.0258,50.7294,38.3862
1675475259.877,6.8829,50.658,38.4906
1675475260.236,7.0642,50.7568,38.3478
1675475260.502,7.0258,50.7404,38.3807
1675475260.771,7.0422,50.7184,38.3917
1675475261.005,7.0422,50.7129,38.3972
1675475261.286,7.0313,50.7349,38.3807
1675475261.521,7.0148,50.7184,38.3972
1675475261.771,7.0532,50.7458,38.3643
1675475262.049,7.0367,50.7019,38.4137
1675475262.305,7.0422,50.7294,38.3807
1675475262.544,7.0313,50.7074,38.4082
1675475262.826,7.0258,50.7239,38.3917
1675475263.06,7.0422,50.7349,38.3752
1675475263.326,7.0203,50.7129,38.4027
1675475263.579,7.0258,50.7513,38.3643
1675475263.829,7.0422,50.7239,38.3917
1675475264.079,7.0422,50.7294,38.3807
1675475264.36,7.0148,50.7239,38.3972
1675475264.595,7.0203,50.592,38.5236
1675475264.848,7.0313,50.7568,38.3588
1675475265.118,7.0203,50.7623,38.3533
1675475265.368,7.0477,50.7349,38.3807
1675475265.618,7.0367,50.7294,38.3807
1675475265.899,7.0148,50.7239,38.3917
1675475266.137,7.0038,50.7513,38.3698
1675475266.387,7.0093,50.7019,38.4192
1675475266.641,7.0422,50.7294,38.3807
1675475266.922,7.0313,50.7184,38.3972
1675475267.156,7.0367,50.7239,38.3862
1675475267.422,7.0258,50.7349,38.3807
1675475267.671,7.0148,50.7184,38.3972
1675475267.937,6.9983,50.7294,38.3917
1675475268.203,7.0367,50.7294,38.3807
1675475268.437,7.0367,50.7458,38.3698
1675475268.687,7.0642,50.7294,38.3752
1675475268.972,7.0422,50.7129,38.3972
1675475269.206,7.0258,50.7294,38.3862
1675475269.456,7.0203,50.7239,38.3917
1675475269.737,7.0258,50.7349,38.3807
1675475269.985,7.0258,50.7294,38.3917
1675475270.229,7.0477,50.7458,38.3643
1675475270.51,6.9928,50.7184,38.4082
1675475270.745,6.9983,50.7349,38.3917
1675475270.995,6.9983,50.7568,38.3698
1675475271.273,7.0422,50.7568,38.3533
1675475271.514,7.0367,50.7458,38.3643
1675475271.768,7.0917,50.7458,38.3533
1675475272.018,7.1027,50.7074,38.3917
1675475272.408,6.0205,51.059,38.2874
1675475272.643,7.1686,49.6527,39.4299
1675475272.93,6.3116,51.2128,38.0896
1675475273.147,7.9376,50.6964,38.1775
1675475273.412,7.0258,50.5481,38.573
1675475273.662,7.2949,50.8612,38.183
1675475273.928,7.7948,51.1414,37.7765
1675475274.178,8.1958,51.5479,37.3151
1675475274.432,7.0422,51.059,38.0457
1675475274.713,7.1301,50.2295,38.8422
1675475274.948,7.1356,50.0647,39.0344
1675475275.201,6.4545,50.0812,39.1718
1675475275.483,7.3224,50.4272,38.595
1675475275.721,7.0807,50.5151,38.6169
1675475275.971,6.7731,48.9551,40.2319
1675475276.252,6.4874,50.5371,38.7048
1675475276.487,6.1963,50.3448,38.9575
1675475276.846,5.9491,50.0372,39.3365
1675475277.13,7.7069,48.653,40.3033
1675475277.474,7.2565,49.6472,39.4244
1675475277.724,6.0699,50.0977,39.2541
1675475278.005,6.8719,49.8724,39.2761
1675475278.24,6.9379,49.856,39.3146
1675475278.493,7.0422,50.4602,38.6884
1675475278.743,6.9269,50.1526,38.9795
1675475279.133,6.1469,49.9603,39.364
1675475279.368,6.5039,49.9933,39.2541
1675475279.633,7.4377,49.8669,39.1498
1675475279.903,6.6028,50.1471,39.0674
1675475280.14,6.9379,49.6637,39.4794
1675475280.406,6.85,50.7294,38.4302
1675475280.656,7.0477,49.9548,39.1608
1675475280.921,6.2567,49.8285,39.4739
1675475281.191,5.9821,49.5099,39.8529
1675475281.441,7.5366,49.9823,39.0015
1675475281.675,6.6357,50.0977,39.1168
1675475281.925,5.6964,50.2679,39.1663
1675475282.191,7.0038,50.7019,38.4137
1675475282.441,6.2567,49.3561,39.9573
1675475282.711,6.438,50.0262,39.2267
1675475282.96,6.8445,50.636,38.5291
1675475283.21,6.6412,50.3448,38.8806
1675475283.492,6.9763,49.3561,39.8035
1675475283.726,5.7568,50.5536,38.8477
1675475284.089,7.5421,49.7406,39.2487
1675475284.354,5.4272,51.2347,38.2159
1675475284.624,7.1136,51.2897,37.7765
1675475284.858,6.8225,49.79,39.3805
1675475285.134,5.9161,50.1141,39.2761
1675475285.392,7.3224,49.1473,39.9243
1675475285.627,5.9216,49.7516,39.6771
1675475285.892,6.5149,50.0372,39.2102
1675475286.158,7.1906,50.3998,38.6829
1675475286.408,6.861,50.0647,39.0948
1675475286.659,6.7676,49.8175,39.3585
1675475286.909,6.5698,49.0759,40.166
1675475287.159,6.4764,50.2295,39.0179
1675475287.44,6.4325,49.7626,39.4958
1675475287.679,6.8994,49.7571,39.3915
1675475287.943,6.7072,50.0153,39.1882
1675475288.214,6.6302,50.1196,39.0894
1675475288.464,6.5369,50.0592,39.1718
1675475288.699,6.4545,50.0262,39.2377
1675475288.98,6.5918,50.0977,39.1333
1675475289.23,6.6412,50.0977,39.1113
1675475289.468,6.6742,50.0977,39.1113
1675475289.738,6.6083,50.0372,39.1718
1675475290.003,6.6083,50.0372,39.1772
1675475290.241,6.6797,50.0262,39.1772
1675475290.491,6.6907,50.0482,39.1498
1675475290.745,6.5863,50.0977,39.1333
1675475291.011,6.6138,50.0757,39.1443
1675475291.261,6.6028,50.0867,39.1333
1675475291.542,6.5918,50.0647,39.1608
1675475291.776,6.7126,50.1471,39.0619
1675475292.056,6.6742,50.0867,39.1223
1675475292.306,6.5918,50.1031,39.1223
1675475292.54,6.7072,50.1141,39.0839
1675475292.806,6.5808,50.0757,39.1498
1675475293.076,6.6412,50.1141,39.1003
1675475293.31,6.6357,50.0427,39.1718
1675475293.564,6.6852,50.0317,39.1718
1675475293.814,6.6687,50.0098,39.1992
1675475294.08,6.7072,50.0867,39.1058
1675475294.345,6.6138,50.0977,39.1168
1675475294.611,6.6467,50.0482,39.1663
1675475294.85,6.5424,50.0482,39.1882
1675475295.1,6.6797,50.1031,39.1003
1675475295.385,6.6412,50.0812,39.1333
1675475295.619,6.5863,50.0702,39.1608
1675475295.889,6.6138,50.0812,39.1388
1675475296.127,6.6138,50.0537,39.1663
1675475296.408,6.6577,50.0537,39.1553
1675475296.643,6.6138,50.0812,39.1388
1675475296.893,6.5643,50.0757,39.1608
1675475297.174,6.6248,50.0702,39.1443
1675475297.521,6.5973,50.0977,39.1333
1675475297.787,6.6248,50.0702,39.1498
1675475298.021,6.6687,50.0977,39.1113
1675475298.287,6.6577,50.0977,39.1113
1675475298.537,6.6028,50.0702,39.1498
1675475298.803,6.6302,50.0757,39.1443
1675475299.056,6.6138,50.0812,39.1388
1675475299.322,6.6193,50.0812,39.1388
1675475299.588,6.6193,50.0812,39.1388
1675475299.822,6.6028,50.0592,39.1608
1675475300.088,6.5973,50.0702,39.1553
1675475300.341,6.6193,50.0757,39.1388
1675475300.591,6.6193,50.0867,39.1333
1675475300.845,6.6138,50.0867,39.1333
1675475301.126,6.6522,50.0757,39.1333
1675475301.361,6.6138,50.0482,39.1718
1675475301.614,6.6302,50.0647,39.1498
1675475301.895,6.5863,50.0977,39.1333
1675475302.13,6.6357,50.0702,39.1498
1675475302.38,6.6083,50.0592,39.1608
1675475302.664,6.6467,50.0592,39.1553
1675475302.898,6.6357,50.0867,39.1223
1675475303.151,6.6412,50.0482,39.1718
1675475303.417,6.6193,50.0482,39.1718
1675475303.667,6.6522,50.0867,39.1278
1675475303.932,6.6687,50.0757,39.1333
1675475304.198,6.6577,50.0922,39.1168
1675475304.436,6.6412,50.0922,39.1223
1675475304.686,6.6193,50.0647,39.1553
1675475304.983,6.6412,50.0427,39.1718
1675475305.217,6.6412,50.0867,39.1223
1675475305.693,6.5863,50.0592,39.1663
1675475305.943,6.6577,50.0592,39.1553
1675475306.193,6.6577,50.0812,39.1278
1675475306.459,6.6687,50.0977,39.1113
1675475306.709,6.6467,50.0702,39.1443
1675475306.974,6.6138,50.0867,39.1333
1675475307.227,6.6742,50.0867,39.1168
1675475307.477,6.6357,50.1086,39.1058
1675475307.758,6.6138,50.0482,39.1718
1675475308.008,6.6357,50.0592,39.1553
1675475308.243,6.6632,50.0757,39.1333
1675475308.527,6.6357,50.0702,39.1443
1675475308.761,6.6138,50.0647,39.1553
1675475309.011,6.6193,50.0702,39.1443
1675475309.277,6.6138,50.0482,39.1718
1675475309.527,6.6907,50.0537,39.1498
1675475309.797,6.6522,50.0812,39.1278
1675475310.047,6.6357,50.0702,39.1443
1675475310.312,6.6138,50.0977,39.1223
1675475310.562,6.5918,50.1251,39.1003
1675475310.812,6.6412,50.0647,39.1498
1675475311.066,6.5918,50.0922,39.1333
1675475311.319,6.6138,50.0702,39.1498
1675475311.569,6.6467,50.0702,39.1388
1675475311.835,6.6193,50.0757,39.1443
1675475312.1,6.6193,50.0702,39.1498
1675475312.366,6.5973,50.0977,39.1333
1675475312.604,6.6302,50.0867,39.1278
1675475312.854,6.6357,50.0592,39.1608
