1678812333.4132972, 358.7256, 359.2365, 88.5168
1678812333.670006, 358.5223, 359.0112, 88.2202
+++ Taking Capture
1678812156.963314, 358.7750, 358.8080, 88.2971
1678812157.4772367, 358.3630, 358.9124, 88.0389
1678812157.9874067, 358.5718, 358.9893, 88.2532
1678812158.5013385, 358.6212, 358.5608, 88.0115
1678812159.011872, 358.5718, 359.1046, 88.3081
1678812159.5253685, 358.8410, 358.8849, 88.3960
1678812160.0350385, 358.7146, 358.8849, 88.2971
1678812160.5492136, 358.7531, 358.9838, 88.3905
1678812161.0636284, 358.4619, 359.0222, 88.1763
1678812161.5732875, 358.9453, 358.9838, 88.5388
1678812162.0874395, 358.6926, 358.6487, 88.1104
--- Ending Capture
1678812162.597729, 358.5828, 358.9124, 88.2147
1678812163.111768, 358.4070, 359.1705, 88.2037
1678812163.6212416, 358.6926, 358.9728, 88.3356
1678812164.1351342, 358.9124, 359.0332, 88.5498
1678812164.6452415, 358.6817, 359.0991, 88.4015
1678812165.15956, 358.6981, 358.9728, 88.3356
1678812165.6731224, 358.6926, 358.8684, 88.2751
1678812166.1837258, 358.9069, 358.7805, 88.3575
1678812166.6975665, 358.8080, 358.6926, 88.2367
1678812167.2070599, 358.5828, 359.0442, 88.2916
1678814006.1581025, 358.2587, 358.5498, 87.7368
1678814006.414697, 358.4400, 358.5278, 87.8522
1678814006.6712604, 358.1928, 358.3740, 87.5665
1678814006.1601393, 358.2587, 358.5498, 87.7368
1678814006.4167325, 358.4400, 358.5278, 87.8522
1678814006.6732988, 358.1928, 358.3740, 87.5665
1678813963.8538787, 358.3905, 358.2971, 87.6599
1678813964.3676646, 358.2532, 358.4509, 87.6654
1678813964.877461, 358.3411, 358.3685, 87.6709
1678813965.3918417, 358.3301, 358.3576, 87.6544
1678813965.901794, 358.2532, 358.5278, 87.7148
1678813966.4157352, 358.3026, 358.4070, 87.6764
1678813966.9253838, 358.3246, 358.4345, 87.7039
1678813967.4398627, 358.4235, 358.4784, 87.8082
1678813967.9536154, 358.2092, 358.4070, 87.6050
1678813968.4637716, 358.2147, 358.4729, 87.6434
1678813968.9778495, 358.3740, 358.3521, 87.6819
1678813969.4877567, 358.2532, 358.6047, 87.7643
1678813970.0014572, 358.3740, 358.5443, 87.8192
1678813970.5116913, 358.4125, 358.5388, 87.8467
1678813971.0253134, 358.2532, 358.4839, 87.6874
1678813971.5356314, 358.3740, 358.4400, 87.7533
1678813972.0493488, 358.2697, 358.4509, 87.6764
1678813972.5631895, 358.4015, 358.5608, 87.8467
1678813973.0730662, 358.2916, 358.5333, 87.7533
1678813973.587134, 358.4235, 358.4784, 87.8082
1678813974.0978284, 358.3576, 358.3356, 87.6654
1678813974.6115909, 358.2257, 358.3630, 87.5885
1678813975.1213198, 358.3960, 358.4674, 87.7808
1678813975.6355414, 358.3246, 358.5388, 87.7808
1678813976.1451864, 358.4454, 358.4400, 87.7918
1678813976.6592982, 358.2971, 358.3301, 87.6105
1678813977.1731963, 358.3466, 358.4949, 87.7643
1678813977.6837091, 358.3740, 358.3685, 87.7039
1678813978.1972246, 358.3521, 358.4729, 87.7533
1678813978.7076368, 358.1049, 358.5993, 87.6434
1678813979.2212865, 358.4180, 358.6102, 87.9016
1678813979.7354276, 358.0225, 358.5498, 87.5555
1678813980.2456963, 358.2092, 358.4839, 87.6544
1678813980.7596166, 358.1268, 358.4235, 87.5555
1678813981.2693217, 358.3960, 358.3740, 87.7148
1678813981.78344, 358.4894, 358.5333, 87.8961
1678813982.2931995, 358.3685, 358.5114, 87.7972
1678813982.807529, 358.2916, 358.3301, 87.6050
1678813983.5193074, 358.2532, 358.5114, 87.7094
+++ Taking Capture
1678813984.105887, 358.2477, 358.5333, 87.7148
1678813984.7148325, 358.3026, 358.3521, 87.6379
1678813985.338827, 358.3191, 358.5114, 87.7588
1678813985.9527895, 358.3191, 358.5498, 87.7808
1678813986.5773919, 358.3191, 358.4290, 87.6984
1678813987.201673, 358.2916, 358.5333, 87.7533
1678813987.8258195, 358.3850, 358.4839, 87.7863
1678813988.434748, 358.2312, 358.3466, 87.5775
1678813989.0487971, 358.2971, 358.4180, 87.6819
--- Ending Capture
1678813989.3050203, 358.3026, 358.3740, 87.6544
1678813989.561242, 358.3630, 358.4235, 87.7313
1678813989.8174024, 358.2916, 358.5718, 87.7698
1678813990.0735366, 358.3850, 358.5114, 87.8082
1678813990.4891696, 358.2422, 358.4345, 87.6489
1678813991.003356, 358.3026, 358.5004, 87.7368
1678813991.51313, 358.3630, 358.5333, 87.8082
1678813992.027416, 358.3356, 358.4400, 87.7203
1678813992.5410793, 358.2642, 358.4894, 87.6984
1678813993.0513654, 358.2971, 358.4894, 87.7313
1678813993.5649555, 358.2257, 358.5004, 87.6764
1678813994.0753427, 358.4235, 358.5169, 87.8357
1678813994.5890763, 358.4290, 358.2971, 87.6819
1678813995.099309, 358.2587, 358.4345, 87.6599
1678813995.6135256, 358.4235, 358.4894, 87.8192
1678813996.123228, 358.3521, 358.5883, 87.8357
1678813996.63719, 358.2422, 358.4619, 87.6599
1678813997.1509569, 358.3356, 358.5883, 87.8192
1678813997.6609325, 358.4400, 358.5004, 87.8357
1678813998.1747358, 358.3026, 358.4564, 87.7039
1678813998.6852257, 358.3081, 358.5333, 87.7643
1678813999.1992817, 358.3521, 358.3630, 87.6764
1678813999.7093816, 358.3521, 358.5114, 87.7753
1678814000.2231307, 358.3850, 358.5718, 87.8412
1678814000.7333417, 358.3740, 358.4729, 87.7808
1678814001.2471817, 358.5388, 358.4125, 87.8412
1678814001.7613204, 358.2587, 358.4839, 87.6929
1678814002.2713373, 358.2807, 358.5333, 87.7423
1678814002.785251, 358.3356, 358.4235, 87.7039
1678814003.2952785, 358.4400, 358.4564, 87.8082
1678814003.8091958, 358.5004, 358.5223, 87.8961
1678814004.3192706, 358.3576, 358.4729, 87.7588
1678814004.8332243, 358.3576, 358.5114, 87.7808
1678814005.342971, 358.1653, 358.3850, 87.5610
1678814005.856822, 358.3795, 358.4564, 87.7588
1678814006.3708274, 358.4839, 358.5828, 87.9291
1678814006.88065, 358.5114, 358.5388, 87.9126
1678814007.3952446, 358.3136, 358.4839, 87.7313
1678814007.9051275, 358.3191, 358.3905, 87.6764
1678814008.4187243, 358.1378, 358.5388, 87.6379
1678814008.9291813, 358.3740, 358.5114, 87.7918
1678814009.4431922, 358.3411, 358.4345, 87.7203
1678814009.956658, 358.3576, 358.5004, 87.7753
1678815638.4759982, 358.1708, 358.2971, 87.4951
1678815638.7327352, 358.5498, 358.6157, 88.0005
1678815638.989408, 358.5388, 358.5828, 87.9675
1678814804.619729, 358.4509, 358.5553, 87.8851
1678814805.1334436, 358.2477, 358.1928, 87.4841
1678815075.0431669, 358.4839, 358.7146, 88.0115
1678815075.299868, 358.2312, 358.3081, 87.5501
